118 191
60
51
89
97
177
119
122
144
101
72
115
20
166
127
133
42
57
62
65
189
78
164
167
40
36
44
71
107
109
8
111
76
99
18
117
199
179
4
92
57
89
89
188
98
164
155
117
185
59
37
108
68
160
60
130
176
124
82
81
14
179
75
177
7
145
108
114
169
70
136
90
153
38
181
25
92
172
143
75
169
56
139
117
18
94
7
188
19
49
168
83
41
159
163
115
7
79
40
136
124
145
116
10
169
197
62
105
178
86
28
189
68
88
31
92
30
32
69
5
170
139
37
20
117
186
192
63
197
172
22
129
59
116
70
117
169
109
195
102
174
115
147
148
143
28
25
153
200
174
110
148
148
51
147
190
82
107
10
91
80
192
38
188
44
168
200
115
200
78
59
134
70
10
131
175
180
106
17
139
2
97
194
154
170
135
33
7
143
146
137
177
193
171
160
128
151
68
96
75
39
168
48
146
162
3
147
32
59
84
151
11
145
120
113
31
3
42
47
8
20
39
85
31
56
198
140
54
165
192
24
7
85
76
105
34
59
103
93
181
44
18
19
49
88
44
131
155
112
9
189
113
75
35
39
101
148
160
10
22
142
29
7
21
163
121
190
77
104
197
200
56
30
123
198
85
85
11
104
174
113
174
11
97
169
61
109
141
174
138
155
8
113
177
5
166
184
24
143
13
187
149
163
159
129
111
78
39
8
79
0 0
