-752676
782929
477
43594
111185
-88083
292535
5426
26491
188983
-24238
-659
21702
495269
433974
26860
1528742
-26978
-281
69997
606
782119
12787
45339
-441318
1300571
-3552
1575
422614
836268
-4440
132700
-478
31282
207002
740
-299
183011
303765
584989
-17605
463385
904111
18339
287082
14289
-539525
-151934
39759
-851548
-860542
-3384
-31718
-22792
162125
23513
-250574
428
123326
-188
-19485
24393
671979
743990
30531
-754057
-800371
7090
474205
38308
-17410
891449
51222
-211586
-6498
653
467776
384524
16792
-309
751742
2205
42523
96838
513905
27923
-388250
-9390
660476
879389
465
745418
812867
-619789
929619
-19492
608
160886
-902562
670474
927794
11149
724167
2749
795069
262757
754280
-27024
-613023
248859
-896007
598573
-240444
226765
688690
-4731
746
130
-24186
856971
-146775
690449
19314
-375709
6546
20124
117
436373
-11869
11532
-163040
37537
-997663
518
24908
234
-268768
1147
-17669
355767
3318
-3011
-283848
-24367
8351
36934
268228
-29840
9941
202537
-621423
34323
-14968
-14833
-21851
787564
633036
-19470
-375074
3417
11840
267125
17928
-854887
940543
-899502
55
-4209
-95212
360413
-465479
-355976
855374
-13684
-618612
11550
-261
686582
5330
-27076
818899
-14773
116433
19009
24073
-414155
10044
-553187
158635
547402
369630
2096
-15648
11533
6706
24
-378317
-6943
19347
59477
-5676
13750
588670
-221441
-371791
10139
-531084
-826766
6405
520595
275631
709762
932
1436
633021
19373
1194
-194070
30100
-10252
11059
-279200
1136704
573923
-2394
-1178
-634
718118
17315
684772
118616
-466736
618
297221
659452
19427
413408
12960
384741
16280
-3471
527282
13464
322560
-26
-410448
-19070
802847
-21499
2049
1448
-921562
30085
1529317
89
-232126
-92
352749
-776384
18638
-851175
947138
949791
536135
-584212
-91657
344586
-551455
515
-17232
-103681
-154487
-199
3453
31446
1423
264627
-699447
916203
-20776
450478
-28785
941228
13888
769464
26413
48397
31598
962289
995827
569136
68912
22712
688521
112310
49168
-2397
-469629
3004
2826
129161
219002
-322624
980383
729394
5306
912041
232027
790279
15874
814019
2982
488415
-8733
859346
1658
696728
918318
-192093
-235166
5860
679961
-206777
18556
19
11647
246561
-13583
11172
296
7888
951103
361552
703
1287
152091
743386
5232
37206
-917941
1532
-204652
9247
156847
8905
-16596
1211141
-12920
2106
982778
-595418
173392
482676
6552
285759
22493
292
642
-19822
-892198
-67088
855445
15960
18939
-25332
-288013
251
23389
798489
-785324
966
825999
-105465
583015
-29067
280627
147545
229744
25556
-10139
37288
-665790
336497
813647
1046
27370
252130
129190
-1352
-15984
446763
-447
442400
-768264
29278
-16658
-183563
959
26361
13481
123447
-467
116098
-837249
-916258
-551927
18091
17
421676
-9867
-218022
-696795
10792
777196
983
1062
914589
-379459
46960
-956527
16078
473415
684224
-268580
168
794187
70739
924559
-364784
638
415765
747697
-769274
29308
1258341
59074
166673
1219
532818
-24473
25430
428407
5
591
-99238
-274991
249230
15260
177320
242642
11442
1469
8646
397
-12782
-352593
774611
-636161
1000818
748241
-50800
-132817
1332296
-2903
-22563
-61725
-581260
346416
1179
10023
-115780
-99
-197006
335
258447
173
49070
746901
197244
743795
942287
-257180
-595193
-2514
681
-440
285
291781
1218763
29351
52173
628257
454493
30253
-145648
-634902
18457
104891
399025
-258005
-528
567881
-98740
1194
-117038
21089
586778
795298
-23810
2909
-1504
59511
243
726938
-31749
-513621
256318
18329
142731
953830
-339
1829326
54304
794758
110539
-499317
-5805
918590
26499
7198
384
16495
675
392704
-342052
-97482
597340
3378
-245
7181
176076
-16759
30951
896509
468
-25919
-92
483637
-633600
36825
1631888
-662
-140653
20766
921107
-437396
309200
2641
31997
267402
-692
25594
-827
-20153
724110
-5146
30144
685421
22785
18840
88052
17790
-800864
27469
724055
-231406
-221148
21728
-11069
36172
-8391
-2127
59151
-30820
-884142
11281
-10648
4315
118194
177892
-22460
-25751
862211
-19674
-652740
8946
507368
-343112
-462948
-30900
-624
-22944
742306
-414843
-199
589067
-113764
88599
-27158
905288
-142515
-521365
-7264
-369
1495
459732
734636
-358732
169988
371321
21052
21499
22053
833
20140
265199
821344
27213
235650
691924
-577029
810
-837987
396091
-116
21139
-485
407522
475329
29482
869224
-176
776861
17967
15095
-15152
436448
253982
14752
-402
-982707
56134
287
-301332
107975
-810740
13820
-154324
847204
28202
20428
10776
1321264
-679217
815
-771
485
5434
16093
-377204
-72402
21652
319856
-497
656217
6888
21645
-654186
972958
-30016
22024
97285
-509775
212799
-352843
971
24019
420777
-5598
1057946
-740975
-609634
-298482
431486
912
12262
-316768
-7147
116
52130
577278
-730278
929404
116159
96445
680117
25510
-4019
22394
1318844
-163280
417761
635590
-27119
479
-448618
-823394
743333
-26959
533462
726746
130284
9210
-7260
895981
849951
14513
-307
457599
-17626
446766
10020
-510876
-415812
-49295
-376606
364512
10129
20107
264621
123
3501
28036
959900
468615
51612
943799
24623
20084
-28640
8
8101
21502
2171
-634229
251560
14472
-527551
20085
164118
865582
-740773
600122
319286
11138
3835
-127610
1126
307419
1237
648458
605627
417032
-582
832042
584
1003
-9286
-226965
583340
229835
-5580
708764
42403
-629711
-733331
530425
-16791
511384
352611
-676161
6251
-214659
23961
928283
28536
-493333
19717
-119090
213853
34399
-965036
234039
-752445
2432
-17348
976099
23686
98059
32296
1047241
321
-8808
1001609
151187
6112
-328882
-593664
104750
-702
896878
-113302
-437
199025
-9551
23945
587148
19926
3855
-898090
889076
-647420
103207
-269925
-7222
882283
1374899
-27
376
-524666
-26511
884999
638114
23694
906995
564248
580924
-976032
563527
807119
13797
-6117
-805703
883709
10967
12465
614
-88065
580532
713642
26142
28831
-500992
-259360
-468703
-266241
-911743
880858
737186
433704
-846598
-149679
787934
917723
21325
-42067
-293
719
667890
2334
-155834
9446
17552
906627
20847
-273787
-309458
-2334
672487
30267
524548
2423
11
230105
871
-909116
-3932
-266984
454409
901720
4562
-24282
72896
-402025
264351
27714
-285162
4621
603945
11544
639882
20013
21262
421376
586955
15870
229341
-386
722148
11123
-548571
30197
8505
-359517
331138
31695
799697
-120494
-262578
544841
51470
199063
516030
386511
29869
400950
-65
81308
-11351
-169002
767
561576
8185
28519
819906
6916
-546970
-691590
961
33810
-851420
489470
499119
26565
469
995914
-39908
375
-218
841965
894339
20518
-925799
2125
-68
1098
30379
550137
376865
702350
-1726
-33970
-806225
808244
812157
237398
64
-504937
2919
1580365
300
489
15225
-568
310647
268813
87847
-123274
-448
-6856
11724
-12406
-15320
50139
3832
619044
323743
82454
822605
31813
105515
-2037
-988813
751255
-17254
966587
752278
192501
-14642
147949
-18529
16535
-19167
778246
-724353
-15546
77452
9272
173687
706465
32696
664898
562668
707611
7954
23531
116557
595
19323
133821
306959
527444
-412176
-919993
25132
113944
926309
-128801
114667
-352682
-160
-26569
-20932
372
12822
845545
-6812
-339882
-820875
4010
466782
27185
699700
-11532
322
-5256
24454
23493
22857
17118
101468
903008
98615
1207101
-435
18718
58853
-8251
36682
92018
737505
-6842
-30229
989252
-20258
5751
960103
96083
10399
27800
-884548
-589992
329478
564513
-181112
2253
970586
905277
1025
4946
11775
572056
2735
749730
-240547
387244
830682
18720
547947
19434
28842
753
-1409
-25483
226416
533063
653205
-11127
-449
23555
951
39889
-273
1645
-895448
-4298
8336
13664
-29741
458808
32507
-13701
-3540
314666
128885
22075
243
-298496
116985
-346609
904069
8435
182622
467994
-18357
613
96
880699
493509
-258192
168394
-596064
-128976
31058
37414
29396
608
1527
-966566
57995
-483
-229
-739586
257
208743
-509917
970
16348
-143769
-216580
25806
320624
75578
-105785
-450617
398187
816686
23723
-123353
-2
934303
81720
24987
1252233
4086
229908
-755761
935435
3067
18984
-561940
547720
91955
1270594
98052
17502
-835711
29664
410955
1011716
-451120
782227
24418
560477
698661
-333064
-821212
878894
7858
288
-55800
30517
-217
-991274
812
265806
902710
-259619
-122325
1444288
-26628
-32022
-31437
151654
-8165
899326
645912
485361
632979
-563122
1517
11963
1246
391232
-378245
4711
174983
907354
1257
187598
28394
-467322
-376
768739
-917646
-561961
-162
914348
-21488
16874
3897
-362634
39510
862140
16463
-3293
401567
688598
195408
662876
1220
392418
855979
29682
-227
998193
-501841
-551121
457567
-920
-71194
904985
1056
751128
-598451
-667430
-4807
-3
323961
4910
-747
25298
-204971
805590
65
-829797
342494
-372054
698410
18471
-209487
14381
-208150
73990
-447256
31674
235517
418669
204492
769
32346
-984108
879840
-2689
-4314
185351
3864
12866
-501
7670
948341
31880
648200
521
1135582
23320
-251099
-8443
675363
29400
20710
-21822
-844325
12260
797
-881
279234
380900
21054
-448630
422007
903585
-593567
222330
-815975
-9211
903686
-559
46697
-462417
15618
749365
-138277
14915
21951
16204
223741
-13449
176885
-522577
475526
33893
16592
526531
-77055
450386
18096
-741046
38173
16078
1265
-841577
4479
929
644
11952
717341
2051
46820
27731
410588
1715
-876857
992
658486
720850
-29
7861
-60
-519
-29287
306
16318
422951
-17927
18134
516380
-866814
11346
421265
987422
-198686
1571885
23441
1291
950170
-16756
5307
860042
412707
302668
129738
171034
1194
-832260
4245
104070
1009355
17754
700
920317
-83812
-149156
708605
29127
-576909
-553397
28083
-18707
351489
573
-1336
645
-26260
-923735
7813
141429
16658
7081
15527
499135
-3733
499389
506561
16823
999354
2678
-783763
10189
188
407171
935036
-75493
600113
-401303
-503225
7462
7835
98
754067
310761
163355
1540
-551751
531388
920
229546
-751743
9798
1227
-9299
19781
3945
125992
749938
-856443
576671
-4001
880421
-633
-154169
26834
946802
141417
702756
-191491
4650
100136
-5340
-20414
-23520
19916
59
-725469
31719
604568
707106
-491484
967943
53000
962956
-13934
493567
28789
22202
446
944452
839336
-592
-67
31356
563151
-920520
23805
-449931
-965926
8849
-441487
898415
8803
698452
23748
453690
734226
-104
318494
-545919
-837845
-454864
359365
-43513
856480
5018
3238
13742
-12
341071
644020
16835
-988182
-26668
441615
20635
-276194
350200
758532
486
785
19234
33942
-555871
-601830
138695
502322
-76271
2746
-26788
-472384
719714
59083
-569832
532066
270750
21142
1284
4215
202895
605992
1218328
899925
-967330
-4416
91469
759
23708
-48232
-121
308333
31721
63247
21158
610973
1147521
-9441
-4034
705924
159450
579434
5984
4643
7541
5365
40552
970495
-117686
57057
1389
7630
-593141
899749
545255
168620
270076
562097
1117075
1264
499
-456938
-82972
1038238
-6893
-24422
3304
908
413745
-669
-323470
-955043
26924
21748
64654
14067
707903
149158
22566
-21700
657410
886236
95
13808
218693
-23923
14211
-273331
12419
22159
24132
897247
712928
190
17637
204237
534158
-632205
488982
72432
-24807
686267
-205889
1197
18551
-100453
23482
419679
27420
-1857
25362
-5342
89067
-187975
201010
13486
-5923
100822
-21313
247048
861080
121299
502515
-294551
269879
11160
-491940
725
16708
16455
924606
938361
729790
357943
-210740
1025301
669750
-13646
548510
168
42974
-7723
-983785
716643
-917056
-700
-605963
33246
361781
985092
356246
269
831228
239
38
869162
570709
-501
-3314
-860657
542325
1471
559
1238
1457707
-929054
-2041
19634
494
8228
-30776
597067
-722128
99469
-9323
-227094
10206
-29897
-326497
762697
-543428
409090
1737988
-14403
-276687
-19614
960679
25570
5267
-585205
348178
406669
664
-18708
-703282
25195
908810
636277
14635
308066
33326
322420
29392
29016
-17489
-343717
-13599
79454
387804
970530
-22511
11448
155771
732095
905192
630454
6650
466454
495795
237075
857598
-17358
178094
996374
616427
-911279
1023952
9971
-671162
20423
846026
997404
-23254
-19260
5275
1165384
-7940
-962
-76
720445
947404
310345
19516
19215
1528935
4208
1277
153584
397979
178536
31993
-5323
-599
32742
27204
23654
498
11506
143701
-201
758018
27392
10223
361789
-4467
398884
14478
-917401
469
33377
23121
8362
298951
1177
-64182
-959
250860
214437
311
5457
-810901
938172
-1631
277
-662386
-939916
93
-25382
-821869
556304
4654
3820
-9101
345962
433
424506
344263
296
49
-16016
-327680
16791
504435
316896
-821667
689830
588266
-416129
75407
-959235
27774
-205063
2405
627108
160951
-15348
-995848
-869715
420404
342806
139504
-890455
1456
31718
-172761
497383
953386
-11494
115
-120
-130424
1021288
584140
330933
263
-17175
613990
27329
886802
552
-281
16419
874752
-592166
45460
20492
27690
-7517
30442
122552
11662
897644
3329
-644844
212147
-3630
722920
40704
964966
1011
323900
813
-691
-181056
-159329
-26487
-960744
897
23013
-338
834073
-167298
44184
-17627
1152
-763
-10951
952471
34577
1603
27402
642325
954810
-34121
633095
2620
53528
30726
786218
4120
-443615
-475
-20431
138
-52654
634259
-13754
722576
1086
-23375
318571
1333
500932
-5580
1383
579754
22079
859719
-26824
-29361
24872
-552921
-258827
-329602
-320
-84
440425
315597
791941
29611
14890
287
-24436
5716
19863
945498
708762
256429
-6
-23253
389916
1223
585618
-41502
424807
11565
418108
-22848
335183
802770
906007
-30361
-10986
786644
-119
837379
122
777488
-960213
625820
22485
-16059
4823
27777
347618
8414
310
345098
86324
400372
134120
104986
978120
752334
844576
-220026
12538
757996
732496
887361
-481445
783859
-38278
-569554
-24272
3704
-177814
-261490
842845
908670
18098
24657
592697
964447
5806
-15784
-697254
703344
5666
1996
46752
818222
19712
725
838841
-50620
740230
-27458
-635556
-948343
-446734
362
-15100
1531703
71607
8205
16478
691470
-20409
1050266
-504322
572175
-270875
4088
-18556
949588
21333
962818
65074
-114824
996142
1062
201
967177
-10929
361814
206
844458
-77465
279945
8754
9324
-187662
816667
944357
9920
-118866
361963
12867
27431
886635
19203
-689216
-712016
670978
18217
52360
594208
614142
-8118
207892
415012
-12526
789998
400
398
936900
26678
-43944
-865134
-19938
1499
11950
-625541
19602
892
34024
421603
802921
-293775
-921830
-384930
-702107
761373
-27916
22488
3783
138914
928740
756
9858
863416
9121
48291
-76981
4943
-1414
620773
31826
-96820
32536
115273
1094
-604183
-150481
166758
-8729
18286
295844
1153
880
450213
146286
28618
-80429
140773
-573174
4970
-411
784381
-440035
399864
-752642
129096
713915
-26091
102677
23373
-530905
-3356
7078
174967
12710
1415387
-23635
23719
10390
21015
197
-26406
-16884
-601480
188664
514309
-345
-12940
-4550
198011
-279702
-273628
216830
15934
1165
-149991
868362
-22027
6836
20105
14670
-963655
-379215
-12469
-383748
693418
-9611
1585
304
17304
97229
4675
645175
4087
-17901
6217
89739
-175379
24532
-20246
-24275
-377491
1472
396201
751523
14481
22817
40035
1705
-364709
-19111
305629
29940
603825
-537338
202
-585659
-80840
-26127
-18656
381
-12304
919109
-75
1535
28391
26956
22989
31158
20434
-4628
384095
22636
837705
1315769
395676
9101
407
-160887
-382515
341841
-164
1418872
598
9468
-591667
31431
12890
25143
-962281
28734
-27564
-235631
882675
7506
-679
27809
-859423
665328
509935
196501
-372568
747227
29083
923946
962
256097
713657
-316480
-794819
810123
205494
123868
236505
-5477
893010
-547037
15548
199292
14050
-400931
16847
7687
30212
9891
-23217
514654
14680
326472
241301
29095
710066
1581
-21090
356982
-183622
30987
-299948
896915
23851
-8139
-174603
-220597
157286
-379776
-27
700333
30982
648451
-559669
-157458
-7373
-16323
1664822
795304
6704
20245
4636
7841
6258
7805
-669734
236935
18676
55419
25426
-580
24980
5617
427248
1109
397520
24
466242
304
59
190538
13960
847734
781645
898434
26830
-5017
30083
13065
-979752
31785
-497599
13774
864402
-27015
24093
-8355
883224
887716
-392073
-5268
846641
106537
-4553
360
-892855
504854
27382
256537
-495075
3883
18558
-18164
1980
-812049
-530488
74220
630
505481
22683
-342683
17531
-261411
-12349
21930
37445
-428049
64711
507551
17257
405601
115812
290234
717404
863
232
202071
1968
844419
913
2543
54572
-3522
-662386
-372053
304965
980911
-742391
-609477
-914596
1641
792013
28352
307179
21921
819047
51748
866
982706
33500
125686
-881031
-13074
256705
-664257
273052
309960
-7823
598759
11616
-89838
310
61
-28190
-248
-362277
-176084
203579
518005
168163
60824
77
1020403
9800
882547
48970
869132
-1420
29890
349062
-25483
554345
-6756
-889028
-26980
139787
-185993
12831
690939
396406
-10641
15806
-45008
53
4737
-528453
824083
-772952
-359475
-401612
13082
315030
7439
511574
27
20027
181953
262335
-409702
947
49034
563
-8406
-489
-269532
1530
-2435
643046
104399
1164
26899
-937866
974722
-749897
11053
120600
-501189
-6625
476585
18554
21510
42244
-307858
23845
520486
-274040
865415
1388
539903
232
420
245199
-230580
-196
6384
-19008
1140
366
37281
-87
1398518
847150
20813
-298
29999
-415909
608153
117282
15076
15109
-988689
155963
792731
25452
-844849
-608391
30922
11825
195399
231333
1622858
-647471
29739
-8390
623193
174094
539631
901311
811266
320306
251
26917
29553
614517
-863997
-59
-74866
704043
129077
10773
-302
877644
-12787
-16126
-433584
-781111
8420
658821
839
67997
21693
7185
1369488
873212
1167
888491
855123
27824
255
56704
542556
321089
-185992
-477
-279616
32506
-334776
-63330
1301461
332646
518868
20419
96
657
29429
458469
30154
22595
-20412
240889
623576
82439
267743
-897126
-741761
18968
50434
119720
13931
27372
-75759
309
18168
13466
360262
390057
199480
339992
14126
751434
18923
1755958
23151
18804
6783
101365
-902425
-937706
21873
448427
376991
-4610
-36873
-95030
26075
33937
6616
-21781
-432814
-18139
-864373
931265
-526087
-792004
5933
624495
-138581
-225166
410578
943647
12996
331927
-863854
860643
-414179
12132
-5720
1003134
880271
680161
658517
-715733
-524603
-442
-856536
-29241
-245206
214694
369871
-3478
-61090
701
329231
22885
-643021
17509
52345
-746961
23987
2376
-453920
44998
27222
1033062
-438208
-192266
-358479
727856
-137614
751985
972143
15715
-385770
5175
1006734
392535
-383837
-471168
678419
646408
379232
1724
1191
-743302
-522
614541
169
821
222330
9478
-13649
9075
1477369
19765
430595
20679
755269
737601
605
23222
694169
-6448
-325488
3413
946750
721173
335819
541
-273075
366718
804017
29938
26060
203714
20205
995
-29629
42092
170702
39633
959760
80
595830
882189
-940650
145399
322102
141543
721945
10750
-256138
15605
99468
-498265
479675
-335103
-1185
2881
23525
-142555
15967
15315
840177
-12666
372252
-882707
-136676
9592
-108157
413634
-13768
2961
10610
574957
578949
-53403
-138219
382225
105
140
189468
-224
-61809
646626
599365
1092
-802
29961
59671
77223
575883
42252
319982
-23951
21342
34389
-231
147002
241731
12912
-862925
-856019
456423
-31802
774367
-424523
-22385
-31286
372884
983294
-665955
-841235
953861
274199
34210
809
-267630
120841
794799
406437
304614
-935111
19064
488039
-231746
28914
-965975
159377
17877
-4094
788225
-273501
-491
604325
57961
-3893
-742
21
805191
-73952
439791
16735
-30311
213208
-173
-566210
-169594
32855
-4376
-9398
31243
-796304
-615064
677914
392
-78817
950721
1851455
-11691
1019058
15302
-948497
959848
46574
-31493
537275
437612
851328
881166
402545
-273691
51986
116700
652599
-527827
-982350
505014
-130267
-692331
-806253
18218
296
451601
515909
27284
-768
33626
358622
31934
717093
-17135
1355
-18514
17895
783
-20131
5669
31739
62665
-948306
-307268
-17398
-482
-12170
-589224
4416
975789
1024
40644
1733240
43620
-461490
11345
490547
6092
-272040
-754919
-177
-389994
506869
4372
19955
-6662
871661
287634
32004
247141
-16917
995069
898707
3411
756786
-433
341034
7026
-10236
568652
622917
21926
-124272
-5
-19759
260370
37752
303
821702
994996
-20884
-819556
1132129
-269137
-452679
893
969613
-974100
-366082
-255020
479975
3676
27985
6672
485881
588531
-815522
-687141
20297
488390
933383
-30275
-520502
347327
-14674
-678692
651465
807794
5524
21906
-297327
-20454
8421
609703
1292
52312
388865
196
-577581
24616
902301
556299
-431400
360
635202
622859
-956059
27436
-893040
177918
554672
-12236
35937
618254
-596
971
216230
-316662
17249
233
-818142
1627205
243846
-400397
8037
430
117742
834782
1580
12128
-485596
106488
145733
1182638
267759
-243858
696
-2967
497
1062211
-5287
2295
428932
-57269
150841
20611
14254
258
-83229
199615
827015
768109
10836
-813
732
-937217
29247
24419
-5967
29717
18130
-3583
-8450
138016
97203
-716830
13301
-703
96
159
-618134
-18299
-9822
-300
265617
-209962
295635
35720
6295
902278
19536
-469677
20410
965092
-658292
-800489
610336
46592
-2972
-219631
63801
-753316
14129
-44
312386
288
6889
155334
547007
-9800
-31885
-9761
330
30124
1724420
280801
1300
-406384
4271
-3738
953862
145185
960013
20579
30421
32106
1542
115
-108
645518
-8661
4329
227331
490944
-28253
645585
-738
-824525
1688
14454
11029
163117
27626
-499552
19433
1032
196
398062
871573
2317
245011
56810
-7917
216
-609
929152
8741
1040
-19457
53572
-202723
125372
661710
569398
797
-27906
-6094
-391719
352
24721
744652
134564
-94
-259239
653597
6457
513
26767
539718
-103779
-15767
490749
-26328
28385
329185
906777
-5841
49790
30301
-11985
26239
-93677
3265
26464
-88
-438523
485081
-728372
-15164
242436
50
-11
383540
141853
599361
414587
669626
1076553
35363
819456
7040
33349
1260
664140
-765
879
13201
75958
336225
30518
-8334
-405299
14734
18614
27116
-842782
375440
741992
-6605
-17958
556773
12588
-954947
487674
123815
28798
56
908
-30344
794
903815
-29596
-473
-634
-12194
-334723
727997
358190
-18576
375378
903522
161365
325350
612894
414584
-438458
10970
951737
458436
-3587
45053
762597
1013194
758926
691150
-12180
1257895
10514
565
262632
583765
-30
636734
-19247
13463
-452
896419
26802
-967480
285016
-13187
452482
-4487
195436
429024
2178
5271
600133
663628
-246934
-511969
-201922
86
750627
-518
649
27348
751591
570279
7735
60643
-574089
733899
-607879
-877481
12489
-641686
15289
21914
577448
-263675
-15882
3084
20435
-567481
-190951
162
911616
-502596
49938
-68804
2354
-657077
-521357
34538
4606
214817
226
-510
319467
-1324
708809
279
201129
73879
-1790
-5849
-14631
23655
-309
875910
321795
227909
-10959
47916
-838789
-11120
123
812380
4561
-819395
152127
63694
358
-778586
881828
-10008
-707514
3938
20195
33356
-996810
718202
855948
-84473
543305
-485
128320
922651
10509
702567
20566
-922
-679258
506
558
179159
319642
-27087
-364556
45724
912845
23375
-325019
-587
-608
894012
13908
862076
197882
478
9782
14868
75056
971684
440079
232
657
26285
380227
867784
32128
495532
5545
8332
-188011
-646049
-511333
357945
-875865
93049
8790
28246
104512
-487028
101
5646
491195
19393
3448
-13185
-524278
708899
10611
190749
-4676
138110
25826
928668
1049939
868
603607
-25362
1425
764919
-941604
-957901
664082
1257
119335
-23164
1257714
8419
-17080
779
66700
1160028
-19293
1608
-197384
991098
73914
725499
-18617
306689
-8152
-828
9134
527953
-28811
12749
-927638
-340008
-18497
6981
9641
261957
991185
-3760
1309894
394442
537870
-782
939923
205785
396311
233078
5915
-22
-581
305819
-4967
913503
420732
2383
220375
598391
-733568
1760
-614632
257247
567967
31386
972028
1540
646827
215942
10747
655317
-7046
25977
33290
-45297
100255
9
30329
-452
591698
-22879
50766
-622359
803020
-325469
441
-29608
-4602
5484
652982
-578641
24426
29991
-25615
800138
295982
530553
-880119
650278
259896
2553
-245293
461950
-356552
885931
-5289
863800
-531984
-876971
843016
8245
606390
-28280
-9
1321904
6073
4133
79030
26784
918208
13801
4767
141
61067
-12006
337476
14037
675531
-14193
-903174
160
-812434
19425
32570
-207010
771159
-794751
-210
-333517
470
5677
998633
-671
-96732
139579
970728
575088
321623
62720
15423
-322379
-12161
180520
784482
725119
34445
5646
169958
1579379
-306924
1016
1677
-393515
-922261
31281
-80058
-563516
18295
-23922
365286
-312037
27424
-447750
870701
991955
12389
-298482
14998
603724
656
658058
27475
21666
150314
532747
10535
928679
31023
702594
-7440
-612128
821363
70
30368
14363
27270
373948
18449
-294825
827941
-643197
-984727
-673449
-12
22420
10020
18159
-3683
168266
130509
13460
10
-46930
8704
700303
35537
-137084
-114
10705
-854170
495
779275
416819
32053
39154
14340
-43992
361419
-164891
320851
336672
624144
311569
601315
364928
1035810
446237
431
454118
21227
1556024
18883
-12031
3335
17999
633332
20227
-4797
86979
622598
-3344
107407
488741
-567988
349318
2096
600618
122939
969004
5838
-15600
1137
44449
-13017
175463
56482
-14492
25620
662419
-18837
30189
68709
206624
-132
-216099
702646
-32613
-290134
47200
12338
-68787
-487528
412431
-956993
718072
997764
495373
552541
816542
-24369
276274
57
23863
852138
-1701
21910
314270
613878
-301285
34678
-264288
1271318
669605
335
-586585
547514
-621
-231
714978
6896
607080
365933
-374530
-28490
133072
111012
-374312
921109
25259
20046
9753
17988
807512
31349
-584788
-233851
583521
36723
381775
903090
1074
638274
237
-128
82852
-6214
18268
-18319
-21746
281318
9682
-314052
888
-8186
825610
4658
-980399
-18177
567694
1293
520459
541212
441207
12937
985693
10362
5797
-413217
-88621
319125
-219
28064
-143339
-384177
294295
-168018
-743
29435
-8548
306964
1596
7863
1407
-774749
199476
161
-940991
19102
10580
598977
791284
1568
25650
597387
22833
869287
419594
73384
118
317928
827239
16567
170
-439673
2322
-27073
-33455
958
446042
469536
-7238
542703
109
366
-171
760491
664
-8761
105524
325850
360051
978848
-906
137693
-5930
-85
303619
-13568
804055
-13192
295915
145
-117856
-814552
261168
308647
23404
1065
27860
979
1117767
15654
-3004
-493096
-18925
700039
10827
748446
-22621
1457238
892564
-27781
925368
508131
-26142
191738
477154
-327596
743351
-410273
855472
-314
462274
356360
958
-575935
-465684
462021
-620807
-520539
7504
-16979
157593
3445
-18851
899806
1349474
765650
571
450563
1987
3779
-666050
14907
7102
51924
-28585
348834
228735
30719
405
-3068
589791
-582
1696
-811248
469605
-16036
14907
-30752
587226
10897
403133
-16088
2432
372
672614
228494
943554
388
869404
715731
321074
369791
22339
26003
-207
345944
-1552
25778
-3193
-57331
26763
14505
-124
465675
98998
11010
301269
1040
645166
880
-6956
-222551
-685
685
936116
-332377
529602
9575
1031105
587146
-52
134689
-11732
-246
-7337
508403
-469315
813475
-454
-5228
862339
-31652
377674
-52
113
4977
570251
26139
619044
845
-210061
753448
825804
-1148
21166
22998
394318
-11313
32565
812204
29854
1126
390186
354378
-9599
308666
943605
6230
887598
22425
-935687
-26689
236601
148115
940315
30963
390814
-520
13345
227
872157
29142
492191
578263
-18457
1176
778
482886
427754
-55801
20123
-95872
-70770
776836
523
652787
7280
31491
15
-120
7822
-113091
24722
20
-448
197217
-196534
920490
390949
4711
36
-560080
48076
19721
-193528
11127
839489
-612142
490531
18504
775959
729663
39952
-521563
1071814
145099
-19398
16056
-93649
539
933
-897999
30929
557247
7105
211108
31288
-537669
7388
25607
115
-12270
-10746
723911
212388
-49859
173994
-20638
31869
354371
15024
-376242
-159496
-455
-668906
15664
-12404
-17735
23510
-201084
29382
-10746
1439
11500
-688
-718960
-858358
1845230
558888
-310
317184
741184
285292
-892936
944404
7851
26168
23515
1566
10427
444343
-24573
-3672
747667
970891
125847
-8785
839709
43168
-7609
511
-14353
-956789
-10476
-270
700608
-3107
2858
-841346
-271750
17365
90071
5096
-198857
-124
1746
-65354
32160
1499309
2148
41018
-14075
419764
-133119
480100
762223
7112
-471
7508
-1991
25934
-799760
-459393
510874
28801
6855
482
385274
31884
642979
710918
443053
2330
384501
53150
583767
10423
-10437
18847
55
-297653
722550
-21286
431320
525787
8952
675853
-408
-979893
-807532
491579
-17566
552320
30834
58736
642
-12410
239743
-796053
521754
-437
-79961
342248
110989
383021
1192
557875
339862
32741
-821816
12933
396617
88
155757
19904
-511
-730
19276
661194
-148128
192326
228864
1133
21312
963
12507
-833
-306716
-288211
938669
-10867
297914
20607
216795
-171
9645
903569
638175
9851
4327
-14503
117121
8130
211582
-593363
368807
1811128
1004021
825523
60151
648957
-331088
8996
-12819
919323
92618
37438
23830
758645
659
-124329
101
970460
872497
-23045
764406
21826
413047
-444590
680667
924209
-2505
-6162
493866
8245
245861
15063
-43440
-500769
20809
-151
16264
537100
0
-996709
23005
66221
906714
-900646
-504200
36440
35523
528416
1848
-708267
772
-137060
16910
-19259
3336
-1793
726945
357280
503170
22766
199
270164
2994
46420
26532
546739
-480
-321
14535
42898
-29351
792457
61549
714
19622
-4603
-285014
694289
262378
27335
596179
-25960
1783828
20181
169
3496
875613
137902
48528
353312
-303800
-17459
-864118
295
729280
138095
14763
802189
-634619
-195
11428
545969
-402447
768447
-21851
74758
63839
765280
-835655
-369724
-408232
351472
-676132
-9465
-31397
-105791
-10893
145608
-637924
-505719
32787
140594
-110343
790862
380959
799798
1579488
-16567
11556
-18723
716233
-408623
495
456446
-31536
345439
-21038
24586
18070
7981
-583667
-11389
131813
655187
716
22379
-18960
-179303
419
416158
6394
-795263
-4014
-17809
-285596
-259
142198
58312
996533
1144474
7837
620823
434272
364158
256902
-29115
631300
29996
862443
817214
29179
-629992
-1
-570710
23859
15344
-164
1747
279049
916963
328
-25638
9414
27590
916937
625194
991437
330898
441841
368424
-67
-452346
52246
1488
614
-12451
759054
-31917
756012
550768
8163
-125
-26050
14115
-3401
1403
24660
-6878
248411
123
135426
554391
-267966
765
763926
25847
-765016
530185
-927722
-337
-629828
-788267
11978
744235
21854
784332
1011244
-58056
-652997
694449
-57817
213070
342089
1093254
335894
30754
-271
-990225
22231
769176
-704683
-16634
22488
1048108
958981
487143
-384116
235448
13482
816687
11560
-16779
-6410
-21613
741597
-152978
271422
28869
680338
-668226
1086
-507291
-450
169
-838210
-23884
893057
-328772
-101280
385
-777810
-238138
7376
-246058
27561
-409180
28091
-410008
-231537
230
548
22166
95
23277
706115
233198
-420949
1782
44029
-537120
28761
-16933
-29430
19265
1496
-4206
-18588
1392120
46091
-151431
10634
-654548
1847
-286606
450617
712
227812
4396
303586
88163
-387773
635956
471118
-611
-29380
5525
833866
7929
905386
-14804
1191
570720
-284890
18293
108502
-7419
3919
-854256
55947
534026
261057
1303351
28742
24958
8408
-11610
6513
1968
11554
-190254
13708
112029
-19913
37985
20477
782429
1474
14263
773667
868
-709363
910
13903
-47650
1349
850
1033952
268406
382501
11163
12074
556642
140694
-748218
932
597026
-62065
922835
869466
849279
1629
648924
10323
1788
3015
-115519
-80
-524691
30685
-8083
322878
-92817
898497
-150531
11820
971299
-130604
289389
9756
12027
-13417
23544
-271834
-126189
166001
33457
-399
485338
339026
30781
44168
407
861746
29736
339075
18656
-742591
317835
72
675681
163900
-230646
420182
-330056
434596
833498
-719481
312397
-7227
18122
-455
-18099
589369
530288
-423555
20261
424111
545
-95501
626
33829
-15795
27421
27972
838
44172
957
-17329
455570
997253
962552
1524
26550
4205
497590
483937
216992
-1587
78491
-2650
668315
32002
920168
1091448
626
-553062
-645395
-12372
-103983
3939
92540
333796
-733
-2664
7720
846
281685
10716
2932
-30002
-11917
293
52968
89779
4226
270
-20080
-238635
880189
446750
213468
22691
19648
18735
6602
616
1234
-925007
476079
-7302
584
15469
185898
34611
-611780
-820355
10183
591585
-223228
-761041
20590
-176748
-754081
21329
463
-5753
20552
-23016
14435
572949
25446
-4220
26152
331884
812
-394315
20638
337777
371
4104
270
-217368
784223
168701
7481
652315
461330
-682501
947
15464
348560
-862992
28660
29568
-22336
383105
9146
-142
9907
-22414
65412
-7262
-19436
87175
-267682
600288
-353385
-202414
381424
648602
701363
751170
22670
79251
-189358
656365
1109508
899
4223
34597
-296542
331936
751925
34820
111355
-900115
29513
382660
639066
29715
-845764
-30131
958518
14562
452740
-168166
-927873
519437
252639
-9258
-895
1655866
543348
-360914
-981188
-796144
12470
-664
20225
704580
-678620
864429
695043
-131361
26875
817954
-701212
881729
402
-411575
24935
-37992
6183
10558
257648
6211
882792
-280081
26259
27974
-179228
812177
17896
16365
624998
-5530
850
53998
762706
-65540
27973
7085
635997
1742
711418
874282
11266
169777
247831
-27321
824574
-18744
-739384
-2850
608
-19679
-632935
40511
191437
-180
4893
-557753
-5451
2880
419
781362
23977
349789
-30699
811221
1546
813531
30055
5821
-16320
370383
-402092
30190
541469
341496
3203
22721
805743
13909
208710
-19328
11397
1419
-80815
1525
967829
830720
962339
35247
-32940
545311
23898
12312
527676
24134
92645
26425
-914765
30812
29325
314779
-501540
127476
27650
400338
594119
519690
-16153
1104
347271
38235
273
791098
178313
137313
-488548
570
332870
-696163
-184980
-338838
-31810
145897
991973
25960
362265
869424
515761
-135
12356
25933
481313
-431311
16234
29022
1235
828950
342709
41438
775686
221
296044
1341
-189750
-789827
-493
-16031
607516
-59986
189501
993758
-957861
316213
-7986
-990769
714
495207
20043
-247323
232319
895289
-30927
890724
25386
21701
-587092
6061
152135
22569
54745
-20620
23617
-212
-26813
-27805
-370285
15094
5352
-593802
366724
31458
-21260
46306
676990
21305
35547
43355
-58409
165997
15349
-3469
30019
27000
-952632
32549
506694
418219
19196
-30125
-18267
-134312
347
596
35679
344881
401805
-154589
-459021
1807
-252
794042
-228588
570855
690207
-19565
113752
575922
727
342713
157908
494118
531406
-627716
18406
122806
78172
793513
19404
2869
-5527
-463988
839784
48376
482916
848605
11655
274878
379417
51489
2767
45876
-9815
188
-40786
-641686
6421
3068
-7910
501290
20623
88462
30865
-218954
3470
-285183
366456
-2230
22045
279
-73
471910
19392
1219506
2046
-21416
575075
-42905
-468226
-669673
26829
-508011
-134
493942
19516
199882
21364
465585
175092
345479
-120127
783
64308
1187048
-3120
55074
750
379275
6680
-491421
118432
240176
23017
-26113
527912
285424
197029
627
44877
20537
226224
-10709
-866546
206
167
524356
204271
738
-21212
826646
10848
758453
544
-812599
345556
-318683
239250
34464
-643339
-305956
420466
-376159
-974621
-344501
451
659033
-32593
27476
764041
-23032
154204
-345980
173269
484109
-129655
-165132
352371
-211416
14618
226
4473
411570
-703450
1708420
768695
20620
920235
5365
-134969
662785
-421
306636
243414
161434
-505864
568
344102
4429
434560
122060
-4025
416365
-1504
-556
884739
-792375
-447217
666452
-394495
-48202
30628
-13732
505146
6220
16754
324825
16676
723019
569987
10725
1749
584667
20799
1848847
83240
1121432
121649
720606
409308
267791
1251
12120
-25872
1305
-632972
560281
12
997
-488493
31011
51290
364
-6986
16229
-22892
22383
572035
-931619
32172
-260321
-739853
-597444
445642
646204
96
135494
910316
630031
-237837
925103
757918
-10129
10364
553770
12599
682
-70110
-19866
-791535
400
697861
49911
5393
946149
28275
213274
698185
-22193
-750569
982786
-870965
-760519
846976
-386
507072
-423319
462958
25291
-102919
19225
-708241
793979
-550233
-14453
239090
16534
64503
-67134
-303557
769495
32006
223409
-249
403201
697256
19139
27438
-11849
-809
395672
442762
4862
767295
-48208
-20033
8489
21062
854
276856
808887
-8098
12625
32096
-322933
202961
179099
743755
34233
526445
-19
559210
-8466
-729118
-11976
134
8191
-1365
-4693
459057
965792
-668432
-34447
-687401
1007103
1092
17047
-12664
-165983
-70310
-494808
696
-26899
716838
-25405
840843
463189
-132723
-278173
266388
600
-295841
423377
27703
13509
388514
1150
156154
-4409
760540
187338
19168
866816
-23
-4019
802081
-2500
757572
-333313
646
918757
867874
476
-287521
643284
349771
32949
66
783171
8847
428893
13536
834395
20947
-430201
-133718
-420550
843809
553
51236
21829
576
5980
570895
31679
843321
715853
487437
-3655
-914544
-19689
-822220
369216
489366
18885
1007355
124015
1351
-569
307320
-27265
-657755
660983
5919
-24129
802989
-784811
-572390
-17759
937781
81766
-529505
952312
1266
-25328
548
24604
361678
-566
6675
25761
-923335
-119142
20257
4537
306307
413239
952
532456
476970
168087
39474
-439191
246
340
11768
16011
733
889991
-1361
28741
330132
216243
1264503
4028
-10979
781965
296379
1513
-13765
135
24460
-45575
147795
314719
500868
-612306
24872
528239
39106
5885
991249
418014
107578
-689133
336
-125681
291003
-406537
408066
51915
297287
-432875
953849
520947
-13937
429
122364
951869
898269
343763
6293
9675
-19147
19815
45549
-714626
-5982
4520
14705
79491
-223
-12234
-829728
830114
4534
906233
-16699
-614427
27224
-240035
964046
-759841
731916
46810
474943
26440
159953
2969
-218660
379501
26736
17379
-3060
730260
-553076
21564
270281
12300
-209154
-645499
-580615
393296
883
434151
615360
5574
655364
872597
424844
-22814
456294
60344
185846
-421196
563
-22730
1370737
-574
-263
-78264
-771260
250466
680738
512374
27239
-19156
1315
-738898
45768
-556775
175
27422
238464
-21864
417240
236010
-121771
-836474
75
967809
-8858
-198284
1614126
69031
252
-265
-575563
111134
-8566
-176200
6519
33120
560536
18682
186807
197526
156421
647816
-18772
3169
-263421
104634
10303
-460995
663073
486512
-628585
96542
-18085
-471
-258
227328
-155885
278500
-340801
-630
-798
323877
-440462
-20834
528010
489073
-31556
879853
30543
21658
-994244
25419
519509
25259
720
-1404
154046
618
28320
333203
663500
454
-21379
-11100
-9397
315841
-284
10638
829579
378189
40984
-25876
-234256
528575
-246456
-467810
-10746
15350
-698242
982412
1130935
-348364
868367
-756
-85751
33220
647297
165340
-903276
-448095
-447251
-272
18
8707
-354020
23645
31048
284
14793
744288
516509
107989
11152
-16921
88283
440933
24961
11361
29089
-715600
723297
-631505
987920
886640
477577
-86
-716706
-821410
-701656
610558
-925416
-13818
497
-188422
695306
-15853
199597
55809
-15938
9481
27340
2592
832796
170142
978012
77848
636022
-10489
-3026
26970
248175
1097
8023
935809
22
8407
385938
1097022
-15694
-343734
-12557
397369
-53
-961
-355
-159307
178604
654
262090
29870
19106
281164
116080
-167183
405207
540277
14450
606499
464020
-325673
449115
95734
816150
-21326
48805
-5997
500536
-2724
9093
32216
-5778
-17967
790061
-219025
-412744
-783
97
32621
4903
-771627
64224
-5663
97
665574
149601
-625666
468874
451768
120686
-459498
868907
660515
383936
-735872
25017
414
168443
693
357127
801
836
179581
4323
-31475
1320
-381723
72029
2403
155201
-16345
845605
-787536
54734
16455
774478
1529905
-322266
-123828
-381582
-12149
-6064
29917
619246
435530
5109
342
-478443
-677
-625343
308550
-142605
-19501
228689
-775147
-29692
-39
12321
-17687
10045
653522
25846
1770
872839
31216
-482246
4564
376647
-283
-454472
-529475
30034
-35
3659
-9728
-508855
-18699
650611
25868
742705
760038
60918
53392
-60780
524565
444241
-6399
-10710
572
1837998
64907
1644097
430
-100
26230
914559
770261
131247
-622
867249
1292
-17914
27213
-8325
-315102
1093
14291
606
44566
111935
547942
139742
-476883
2209
53844
-140645
659113
28032
42
461030
3257
-475845
-5683
26285
345940
11475
911306
494807
-831067
571697
406697
-306290
3724
375025
-631743
749843
565536
-2326
1483282
106571
28806
775317
-32301
1320257
22915
-379464
-19832
436851
-598319
2969
3956
-42
937141
597251
1007280
831
11452
747577
299
585935
-647
10317
-13724
603063
938778
-70212
-581850
-499975
-507388
1711
-335
544302
130099
634229
-24286
21495
741
-17646
562
344919
27617
-403904
588951
462787
612227
28231
-581
14
41305
30488
691083
380250
14810
-24525
745795
-559254
-552869
31820
-18289
66669
-319515
-334304
800509
739673
13536
329063
-56162
-211446
273310
16898
-675637
728708
-16513
-321581
1610512
545399
855
20986
-577347
6094
31655
973
5497
-638791
-320227
-300404
11377
23
369642
-395433
236895
385150
787966
-7051
661
-10698
1059
4476
233599
293888
28339
26170
18775
10755
398275
-19200
-88664
-918036
873045
-25221
-310810
-691054
327839
319702
6539
574015
-5359
79381
-3354
30613
24548
3210
391106
-384
-443631
-890845
503068
29919
864058
1286
450790
706424
60952
103632
381
-459677
661416
-650892
-164546
-16858
318120
404523
312494
5506
713020
-3006
617085
-7869
16601
746877
4504
13685
-77032
421680
-870782
703
218284
2502
38915
522529
-16560
668237
19586
19401
7636
712217
1043
-681106
-95
-773493
705243
140256
82588
-2791
32715
-9493
5957
104906
514642
933051
352418
795597
420673
844991
603763
-194320
20593
-19714
4191
569523
-700839
760151
6080
463
-701527
-598815
361951
17977
3363
-63919
503406
730591
-8399
13828
14642
-448480
61
-12661
1145
31168
443
56588
-6672
-675
560926
-582360
2457
769
349692
-8488
-17541
136073
-30618
21670
9258
30
-118899
-100499
1850
12203
-445921
-480
-483767
15635
919
869205
-211841
-826289
966
441389
-219968
-79832
-365810
-702559
-885055
486401
282
551898
544
19548
56785
30105
341633
450893
197514
-572394
24844
-337
869371
-6
15747
-396712
1423
994
637488
25836
1177443
950353
-5774
1718
3557
878509
197613
-9363
4035
-215
421704
-22190
-368962
974
-539779
19003
27350
-138
172
-366558
734208
627991
-584970
793
589578
590019
284729
914188
-5955
508951
-12298
703131
570196
1327343
-157548
988478
236
26037
11926
6653
1154
165
-17109
228
-471
132880
677534
331
807132
-504556
-856147
-428376
1549
2368
-554205
16115
911064
690516
32026
615463
433508
997
15751
1546552
501029
570086
317677
23119
-6484
366951
-345477
100711
-55
425282
704672
-265907
1171
22566
404090
296585
-174268
80977
-173
20416
32888
872901
893612
-457467
100897
-101029
3657
-4251
-506115
279460
-4554
832217
741421
-32096
56807
19188
-1892
-655487
-9434
29222
38879
689249
-33
1386
-202159
-269516
-7044
27746
279761
310533
3496
-775759
613472
-459801
251371
-18801
24818
679180
155960
-403922
724
16186
1542284
15
358
-2112
-138608
327485
-233929
-323076
-77010
29215
351848
442
26414
810
-255
53054
634808
-23037
767
27592
184
21588
-889168
431691
170517
-546120
-26529
31620
-259
902047
536677
-642749
28048
622482
6497
-3752
-826378
155815
275868
27639
964627
-622313
-983427
-19146
-307
597698
14793
-179845
27916
398788
1041
-504013
23487
514
-1393
432242
-14867
1007840
700878
-210
16912
403
539
644499
3507
584411
1362
-224502
528926
1954965
-9232
485823
902484
549707
493703
-242437
-272
1535
-441101
156919
1543
1016
-973424
-4894
115764
21117
-415
1199784
169762
450
24241
489041
767466
27280
875040
34555
25123
587505
2815
742003
143923
-480
695262
14399
673
849762
25054
755160
-902552
688004
-15573
-31523
23671
398907
958780
59322
-77875
682854
831314
-11821
20689
654748
-655429
164986
51421
307826
-943988
-188142
813794
-628946
1523
42579
-858624
-16136
-301901
-74907
1038
530326
1577675
5196
263414
-474477
26996
416588
628777
12583
539
5530
713823
2260
546795
31950
7801
406337
565118
-804942
-187153
270807
50028
31969
-296
17856
56418
393367
-3287
565486
364351
-3600
-786004
1182617
-5282
916879
491705
-138349
1074067
534
2786
-17035
-639
200226
-13207
798059
5721
-6309
-133443
-950495
-26480
495156
309301
598870
499094
236453
139959
-19753
633364
856647
292577
607436
917455
749103
-44910
-798311
-35
-792642
820822
743612
25256
-63657
-15927
32129
552787
270200
3501
-979935
18102
3566
-19083
-2337
717795
43678
16669
-70744
-973
7642
-419579
13984
229397
-6146
17739
718886
28119
11050
5590
1040
35638
3428
22438
-722756
-28591
1593
-330633
529872
837480
644843
376177
2182
45342
-647050
-11286
-17796
-14987
-20671
-772264
850789
454
-24557
38592
7557
-293539
493948
330432
123204
938091
836000
15462
204
28250
14904
28210
-21170
14736
46076
-7299
460043
-35
1361813
537538
781616
-2461
592617
1597
334938
-551638
161584
-630786
1539422
-807
823183
740
600263
454
413966
-14911
12272
73785
722560
399
-839072
-167963
-981686
-821644
429819
684
-2307
21560
722826
-741258
1255
-20289
766976
1090621
159987
13172
33409
-48
10140
14927
56493
-939059
-471946
-954172
260899
731757
797955
-95211
713174
774834
-800503
671348
993
221599
223212
-18388
34803
1358547
20390
866440
651746
26442
8423
480019
12382
-15032
483399
30694
-22669
-376866
512204
288
20951
968721
-13957
-21575
907007
-9626
201830
13566
21051
333011
-427283
653000
788
235635
-3327
-522401
545807
247586
-661318
4700
532805
902379
11220
-1991
-14516
27157
829140
1137
1182
212139
42
-991649
299394
265923
154099
551088
27113
14361
-592504
-353756
8081
-843129
29525
5381
370892
258710
766518
201
-8177
-23589
11488
62661
-644
8733
-17913
-9150
-285785
440916
9681
-703228
-98293
-829757
11496
99444
527358
17620
60591
-301
-458257
24669
-986934
-197
-2607
-19638
21602
8133
-224
-520
-197340
222903
20438
43
975159
1023
-17314
-579874
135768
426
2752
-12616
182011
-509907
145638
-731159
-877936
471548
53250
-3323
857729
331656
14689
-1163
-475941
830033
-20377
1182824
-4762
-28073
-1701
-67
-892
-757160
773010
-2568
32559
4148
-460669
2469
784975
797303
-10738
955526
738907
921785
-862298
756
538505
24615
-850247
12305
-249
8864
901148
756695
1061
341236
-111
-803149
-2944
28612
-615870
-4407
-90243
44368
-674687
93883
460262
-20387
672989
204234
407
25043
-237032
812184
5931
-166894
-19666
874249
104164
307199
674716
18565
-30400
-15891
15789
1205171
488073
-544015
117
857
1602
738218
29531
-202
34798
28034
-2330
-23489
-481542
12743
28738
-59119
-922972
796797
884888
413906
30332
196925
-184297
443570
-3446
25286
371873
121580
586444
-367913
931
-556
975127
-166063
319
-3016
21524
-324
-671
155
687012
56140
-119725
184192
-796157
11555
14753
28492
-654135
-9941
-888228
268111
-461199
-28086
-27235
759939
61832
167862
545998
-293
1761
-777079
1318
-651141
819804
-294590
566876
236355
-751639
638362
3790
1041314
720939
27173
6722
820377
-867751
-13021
-6967
-21565
667519
8417
1016013
32162
361
909
-969988
9746
168170
-5951
8413
8273
-927965
1487
2700
23108
190
774921
-17443
-152741
53214
-266587
5551
214500
426902
564982
224106
888
-407
-264107
-505061
821787
907016
5057
10429
-10696
-37897
-642
1035237
1529
330996
-495225
-13938
808436
630
-554977
324
388
1244
-921496
747349
-248135
15887
489326
-846
7255
-15564
100
601260
355
-243148
518
906253
-353050
2844
64718
1261364
9364
226
6370
337978
-574070
-23495
367
439833
51366
-691255
-845
-7369
9296
-235432
-660495
16810
8839
561205
445379
618688
-25369
784145
-13171
6890
511746
891372
-371099
511077
58034
389267
492618
451572
-6310
548673
1572
-28689
-10724
-135670
850759
-22783
132
256120
793121
-135527
-520195
-778970
23868
56481
14521
-383877
887088
-473054
13579
10768
199
7374
-9632
654881
-219
-22991
-26521
607692
-414303
388083
198707
1524
17322
15495
4011
21358
-176746
835488
-14421
644698
17541
-668758
863289
3146
-19224
-145
219125
361204
-140
30933
-1137
5395
-649
25218
-24104
-837001
-8860
618283
-162
362992
12860
-146641
440216
-592195
981644
-248085
378328
-795685
329118
204937
520
646305
470278
-219550
-4676
42422
15923
-497694
439792
-10066
10432
226900
-13609
34366
-153987
22830
-972634
29466
926452
204982
31993
76999
445470
24521
-519972
10848
734217
15090
5240
8238
-713905
280633
-7260
259174
23891
30540
-388
-635163
944666
-2548
12594
30055
344638
240800
-795
378
-443115
-1350
1566690
8677
-7886
18208
-24
-4979
32687
105
-678110
-17759
-562116
-28661
724313
-362954
354238
51036
905325
6738
411205
131102
-4405
-530786
27018
-218212
3031
-758485
766152
359391
140108
-299
8330
631625
-813284
27309
-15863
11781
714765
643323
59053
1896783
30074
952360
391322
-792686
-30162
499242
13998
580246
286616
730985
33515
-3860
28062
810
244156
903
-13068
-42305
-360766
5001
455952
-772265
-60985
413208
97696
-338906
240352
670451
840549
-552823
270433
-92089
-184193
-5622
404
826994
-24546
-25280
-530
-596169
806022
-435381
-530
-70120
-19851
-490
-155020
-4309
25502
26071
119712
-687289
-138707
94544
249454
39503
158814
270841
-5243
30935
1236
170840
1232
-406
-189011
15782
702850
-476
37616
482988
-171855
784777
23789
-318721
15059
543360
598808
560863
-27739
22129
10718
18365
-258
29764
31232
-5664
21861
637338
1617211
-138600
21316
22369
12533
-75848
-22175
10805
169777
-15885
874
413808
115289
10459
1559
-782635
-431107
-3209
-32
535
300191
-190487
873170
19688
-31
647528
33618
20917
10123
-13554
-51
11
27147
-33
-642891
1583297
24103
898132
27426
590801
908202
96295
571628
85037
4707
932
529547
1655
-746546
85756
-29449
12
187667
137657
3538
153
553281
674
-2499
-25904
-758077
452736
875330
110045
569593
-2622
14719
425799
15579
17263
-219772
731412
20465
-5163
17338
383301
-5295
-974
26043
-237747
-830
-426313
1967
19256
1506
-963489
834
-637831
200338
27872
-260251
-11158
462189
327332
-243700
8084
26786
-332799
89454
-583209
883346
311078
-914838
289966
1081
582
21798
-326145
394834
-11037
-772114
19527
-85766
65247
-19131
40818
463
606758
-598285
510978
143735
21033
39268
8472
510787
-151
20156
812971
695052
51769
83210
8958
-140131
-878364
374247
154466
2027
-588736
15967
20029
4342
17185
10743
961069
-32382
-286113
186115
864005
30
96787
178
1172
20658
324598
464153
147782
-16267
17000
293315
7551
13779
30141
33762
24179
-99
16176
36568
642255
354984
-367466
553348
65654
-2300
16695
945123
4414
22338
-343051
-8826
402651
52012
698831
981302
255
-315730
-658489
-130
14419
40451
18463
-7676
828782
2964
733548
16331
-537
-6513
-267626
404374
398
814
-415217
593681
637604
626
466773
1018465
2408
8280
-130
-687529
2095
-16312
10936
35037
-637987
719364
288
-38320
-14661
-7701
-4089
-22638
-768
398705
694533
-610626
-31940
-690298
20381
32149
3812
-453418
-648991
-619881
-9015
894860
16469
-6069
153360
-17403
639
23736
-6544
576
161899
-12043
773684
943668
10255
649502
366050
-414
-842189
-25206
16773
957094
-348182
743972
174352
-462081
27217
-200163
-695014
-227
370206
883942
648834
-284
268
14773
976016
7979
-10364
301033
25639
768
887065
506035
24098
23
966438
-986
51101
-1557
794717
467
-634660
305028
603412
245864
267109
37399
596387
-890876
5530
30593
-20620
11230
759419
1002912
-244121
733079
232
1810
41443
-321841
679296
2203
212
-283739
-427934
-152
-665
1176
33482
26503
11538
-887356
918716
794846
616699
-471767
628105
13919
-6936
22032
874837
936
1693
728750
26
26567
7138
11394
-865408
21484
21970
60626
-224646
-424
708
377744
-23095
607260
23927
-623928
829
-74002
550726
1312
923532
791780
549607
29801
-519888
-735801
-528518
-87874
1000
14336
1493414
-11021
-13077
4791
397037
14373
610442
-952325
-720397
247
-984713
-271442
292
38865
-337785
267875
976786
15717
239292
1284
830020
1048743
16493
-276193
272
184186
-14881
11314
26219
-255425
305301
-931811
-471845
30524
289244
34695
-802479
4717
380662
168409
28765
-1289
27365
237538
267059
-6589
146
90
-867182
714864
-783304
61
640
2857
1812157
26773
839220
-22015
466438
238001
489839
526
-47930
-175
-4943
-614043
-145167
623309
683710
15947
-349697
868858
29566
991312
924579
-666675
689990
-14481
26888
823410
446612
-583079
-476
17827
-743217
4798
-149947
125
545
253580
1668
33869
-17573
40997
-17218
-675422
-626961
149
-864353
817253
1225140
-10924
958808
143
20035
-591669
7472
-339864
826281
23711
-199
660388
-561532
31753
275628
1105
1469543
-19850
-882438
14367
109462
1189
296090
805
1146482
-222150
-525390
-21947
396
78885
1005429
154038
722
918690
1550
-303539
234743
33413
927680
56380
1385
-563527
278019
11107
1128320
631
350238
-867346
840064
-147
-18469
175608
106718
6148
-572894
307
-158
526623
23711
396277
917662
-6161
-14951
934418
-791700
74719
19828
29813
116654
166130
9842
538397
-149
19888
27935
-270474
-99801
1592057
557824
779918
904494
291122
506382
863860
55582
620
829887
44680
28180
698528
20844
501950
10052
490041
749059
15687
-978905
1497600
859982
11401
14692
-158352
991842
947031
-25634
150635
858308
-7846
785925
399683
107141
-390652
226
-136
423
149
276231
538754
341948
317
-819
1479
-169233
-175829
15463
-759789
413179
-498605
-5662
803893
-866
5657
515749
-459193
-5288
-444
-626906
640690
265246
978677
381272
279546
-11674
911967
-1553
-410657
572407
879248
-770970
14360
-903025
567881
19016
22230
-368
-599662
22138
-932927
37121
-829832
73
18491
412233
-294602
16111
-23010
-572875
-28094
71766
1532
-508153
586068
-8598
826161
490
16010
-710980
14904
-270002
105830
20353
-209
947560
-2550
949783
-361057
11878
-872570
19599
6384
802729
1118
-782001
-64651
-30101
492
805
-777215
-721371
1007373
22904
-626607
-2841
688620
981880
581171
7801
-722844
918066
8378
1750
14867
707789
422116
-3470
-823925
7047
-737840
-5262
1013307
9919
68
-532379
-693220
-3902
-34723
37041
110
-458805
850243
-79
-301930
730
440392
534099
-5685
17962
553
842246
8658
565
34327
-5021
-29750
-548789
1177
320582
-665882
104
-23601
27359
551698
12570
272420
322691
11790
-540829
267175
12431
-304083
436650
6471
1478369
797834
419408
-29957
19090
713664
689830
-26693
-678268
18135
20386
693617
11723
701682
-31
-549860
459833
-58794
653
42231
4707
13836
98434
-804831
4736
83475
694198
-682411
4860
-12680
-206523
708573
718823
23124
74
50701
-17291
223928
721290
-582879
73689
293675
361669
-17734
-8969
24095
813586
26246
-703920
-27337
521488
-84
-770
-212874
579570
11398
665334
630301
63938
781164
790227
-459290
1114544
1056623
-209
48969
-921642
107
19346
294460
982845
1323
-31898
295177
-6591
769323
-3577
-161552
-782329
47288
4677
21421
-21659
23355
-876659
300575
95402
43319
-283894
842
-440545
-437
949
879821
8556
-236586
602139
207087
329913
292
741809
966302
-774817
649741
-89515
27976
362633
137598
32944
602520
-13563
-572741
-7447
646355
-915324
-117514
39286
-9746
-26123
61888
-7067
28592
-122117
24651
-560366
805346
18247
-950994
517469
529
-465521
260
154276
545401
32827
875784
459625
-7300
-484184
500549
-401805
-11462
4950
-835726
-493595
-5097
129060
-215007
172330
14970
-13569
525
728529
-15674
735
-9516
1289
19873
-17536
739627
-946995
947326
31778
792224
375070
30753
-140751
5613
181602
1666
-263996
169399
388421
161805
-29813
-17545
585
325
-20205
944
120138
22803
538683
530018
40789
261809
610588
-923832
-10588
-30432
489360
-14816
-7032
-22827
827310
31207
-4325
86011
-11426
416
732838
9080
831964
-6604
16044
-366808
-427
524798
6016
-15577
5082
-10844
-24895
879204
847185
305336
729223
621033
11621
-16389
1194
18993
405721
14552
450667
-471
383
230235
-20563
-71403
26454
32230
293491
-18317
-10481
763865
260741
-13889
-828045
248404
438573
5641
19062
16490
-581468
-731565
-520052
-3246
454976
-213
58639
-17687
-29975
870
894
-784678
23833
424
-360432
-4119
844
6114
-872293
-7337
-642761
21990
7494
-892000
318268
-696515
-37318
-384881
-17922
-591415
-8181
9562
2125
299
1052
820538
18
-401588
4926
198521
19255
-24228
29660
113550
98
-26665
-140
-65945
1295
-11467
-737
170405
-772527
29333
-23716
15726
262
83152
1262
642475
741493
10894
381185
-27015
8087
862
-499290
46875
-19301
24906
184683
1343272
311466
994757
9626
-31760
9253
-398472
-21229
684309
11767
491049
21235
13531
109837
870948
8879
1558
-16909
70835
179907
189863
661266
26661
-25163
667255
16441
9147
-12643
697705
-338957
38886
-208918
-2039
896718
23494
-81604
3513
720920
-4177
232492
-45985
-714525
784990
-321750
399061
-702819
27804
1011
-11237
20052
-19817
594711
32701
-13243
-277
706
378380
14742
472528
70536
614
420812
22841
133
734
682415
-13834
-5808
-21666
913
-105082
13887
19682
-21797
-498633
374254
-483308
24722
1889364
-247523
-370256
612878
665
884776
322529
828
14008
2507
277789
395439
525248
-2109
706865
3079
10446
-1153
512260
-300
1178372
720
349746
-280765
804994
-225113
5556
913998
-17637
3177
-795769
22560
953890
-22916
993966
830
442
860833
-6179
155364
-16249
4251
317922
452970
16945
758683
328
872222
502084
-194745
1019
-2596
-626
-960184
514454
-1681
-24804
-887966
723675
15947
-20953
349103
-274
15599
-407411
1374
12397
17123
479929
24447
-592851
353166
694614
-900947
343010
-882784
553452
-251227
-24094
-839664
297399
29077
-7521
-31046
23449
4055
311
24417
-11462
21621
446
374
5348
-843458
7425
556742
617233
263009
412
516497
1407357
1519303
179701
31966
-697940
442083
797751
925135
-426860
-504692
546876
43984
-289216
217670
-497453
-39162
4397
76362
-26054
974694
-205412
46682
166142
-21007
24448
528281
-138878
-3115
640449
1444692
937451
184762
32415
382234
265561
926536
-6107
922379
39936
-641591
1103872
-30456
9993
8422
102310
126
-8300
981535
320704
-27864
-53
1378
-285
565966
148760
-882557
222260
-699176
2791
771908
695482
-295176
-409723
31470
1060360
737765
-948635
255140
9640
1522
29883
98494
858669
432
-882958
426731
852578
-23183
-13235
578293
18441
1984
-263120
69752
823956
-20171
518471
55180
747382
-82
-17670
32565
637867
-29798
598
648604
945596
326886
601
-14741
-4307
153343
-1112
-1210
-9135
-661359
-174
77062
29075
35629
-19133
-32046
5
27082
-821
-21471
20333
12365
-18603
24877
-249123
-485430
387978
17478
-20890
628369
440110
-643
627881
2111
16626
7697
204310
1141
693905
519170
106
929557
-110550
-677084
8890
-19174
13952
24619
433762
1140
344072
-282
-370544
-509609
34127
160
24956
-11825
282
46761
31919
-831316
1202811
-15262
389
176910
20295
-689568
-114302
975015
20069
-439793
-384345
531407
947890
-3481
812856
-181
-21350
897619
-227064
3371
9721
1649180
43669
110
24845
486
7666
-564987
605044
1709
-7858
-451868
569
-194
-9788
-66897
-136472
-562064
1356
790
1003908
488737
218334
839514
492485
-701384
-432
-12857
408
839266
742935
-12030
25059
760909
7986
-332605
-297
6807
-269
-23794
801028
749082
486510
-19209
326002
23931
391931
17684
12505
437723
-58107
-493
15957
-582418
-861145
-985101
-552948
829
-24252
-522419
50645
664452
889419
171942
194738
924472
6137
756
38816
-989548
362462
983972
-252676
27076
337577
46128
238
21689
-13802
491024
764413
28370
433388
550157
27815
853047
-21824
14883
-53566
-12744
931136
-391616
650660
4334
-989795
-365990
-30324
949783
-539619
-30847
25753
-25739
-596354
-18507
371654
-29938
554616
289925
164207
24654
-277081
-608960
-511731
29440
643
-565655
523001
70028
7983
155
485186
307
-8339
-2615
-31996
32659
832820
89836
984583
806081
2241
-394256
676280
-2222
1431348
375854
545946
648
170826
-5705
818581
3214
259055
-480083
5610
441
-804294
-3583
-2807
876021
-73380
-232728
-468209
899620
-22284
915301
-22487
1339
807470
1491
720880
721523
8597
1851102
214163
-65216
614
57731
386
30265
720681
859078
24863
-833
632
-852375
20180
1312
1734539
77777
203812
125
417252
-23772
724
24603
129150
-757324
426599
-16790
1122
-8632
745811
178939
-395
21105
338034
29575
686506
-723336
916240
-430
23659
924792
-401414
87262
1868908
-522476
277617
29793
26357
3866
29141
942958
-14110
454
26352
-16242
-448500
-27375
475560
43086
14731
782433
972
-731444
8391
602
564456
11017
1968
687182
570138
549726
-255822
24154
14203
22061
28434
1553701
884783
9258
477020
-496149
-445749
32406
13872
23451
1822
620077
-713
754297
689566
700551
377187
-933506
674663
927917
-139
670464
24310
-14464
265381
-683123
-135986
-16982
3094
3628
23578
-4267
-405371
707863
-148942
17289
855708
1800
1305
381
-471130
4254
181031
876156
-568231
685895
254854
958429
941541
-2422
-851640
-22510
134933
19525
-771320
81782
505698
-309
815799
-616
-2778
783220
-32079
5907
21832
1145061
631
-62289
-413595
442696
525678
11992
-667885
5312
382533
-387037
-262562
1117277
-12614
21264
53032
-13797
1196
-418
882504
26539
484410
1658510
689
7874
890947
625043
11579
438
1444769
672149
14276
-930881
633
445128
945306
648783
378
683124
-112156
312
-7329
25485
-22620
-16749
-7859
27651
-6
97509
65488
781722
113301
-763040
307810
235
231429
-137540
661784
464517
945553
314097
330
1380021
-252336
551293
294112
612374
-362558
-8396
-561549
710383
1011272
719
880493
145595
483042
-445751
230
500229
225
-908606
26766
-170965
2724
-299602
508714
152172
32322
-11215
704
-13324
696
9916
16679
929244
-646911
1348035
-310091
18663
-781619
551480
-11928
1533732
494577
312240
754722
-222
-374248
-724863
12791
828060
-127
-866324
20543
6196
14295
2021
-46740
-139374
601462
22790
844236
-8549
-24250
799404
178589
183350
1039
639
-436904
-64828
37318
154705
1086
-31045
3166
386
986920
48
-68698
13083
-794068
266624
62499
787594
-522906
931311
-263233
224829
-453
-11298
1284
884934
21128
979587
-441643
61
31861
13153
870914
-104
3047
-11140
23642
36725
294437
8128
7748
335135
-5802
1064122
11699
919219
724708
914333
276754
30793
-229751
-428792
112195
1
260456
5811
90993
-777175
846930
279
-828550
9922
4891
282503
611887
334359
1690427
-30648
-923729
-18734
-439966
-21558
26005
32180
-432
422751
104884
684573
610488
774632
-43617
-112800
10163
-385
-4954
346
-449748
-322
345192
808649
1017
3980
-508955
-364
18321
-3200
310156
709842
-14451
-843022
-351435
44727
776351
405747
608151
11311
-234717
28949
742066
-363
344761
-654336
-565253
-174123
738672
1066
179502
161
1036
-3581
22838
756523
-651615
21215
-17808
371169
841637
-629892
-19017
251
494
1261
-4400
6214
399089
-148014
-78789
-894813
20545
808
510961
-321257
1003
638
3588
-11906
24188
-111632
-890373
-461343
-428702
498191
1665
-12
664323
-130999
507681
9830
992995
173818
139
1164
-582430
23058
-1216
-689
338620
-683266
952719
715451
1832
319910
28657
17753
5798
1547
475
564491
1128
-389898
-190150
26321
-87
758215
65243
236392
5956
-515378
169526
-634307
-15011
5021
-434495
-325164
702630
-347746
-392589
30059
1008468
822089
613326
-347812
-216572
415154
-9062
862751
-398
28538
18596
691636
-734913
596560
-429537
-31713
-467284
-353727
699874
26695
1546
29883
308930
-147159
-553846
-643376
1420
814354
659296
51508
12645
34261
-157370
-30899
745327
317182
262
21192
21251
-20629
304516
-700574
852143
755187
683858
72
-80498
-661898
4992
-470145
598771
-445
-900693
155154
804245
-9232
330
-503626
640991
908731
314359
-757807
714514
19874
-32158
-119
379299
727024
16199
924690
452394
1610852
19249
781317
17873
-421547
67352
500
30086
7986
245540
813966
812785
11231
-447319
808901
-14820
496698
-4241
172974
-27402
458609
-580811
308616
638342
887748
-11720
-741518
41242
1289
-139
26023
21283
677667
217495
-515128
800830
746404
870709
76
805240
-639878
747314
35670
-667456
20040
22634
-521569
17805
31856
151564
-554368
18427
24435
928413
97653
143592
177955
693929
3176
991138
302959
-17886
854819
551466
619235
-24600
-2537
-164136
-5636
663099
35
20376
978670
-23112
2632
696482
473069
771
46098
-412
-933274
299457
-662427
-493871
699260
-11490
25107
928451
758571
633580
5623
591165
64695
1302
-10637
-731
692672
30613
20765
681229
-4786
56733
-30142
-359996
1086
-385085
435819
11318
32010
637077
1106928
131169
27117
6745
-91
-25205
-136646
-23638
9834
-973487
19440
8013
-16014
946354
562627
198
-124098
6294
109
-6824
587950
25550
14232
60106
26568
635225
-253122
248733
22687
22607
-278793
148594
893017
3371
-28929
-269031
403760
29065
294148
521
-391
-634661
20004
1651
747674
-279543
488204
-795560
-29836
14016
13955
23620
1758
778
9504
1558
13914
-4203
-11889
230194
15370
50360
-370203
689303
765181
608408
-339921
-14260
24620
-332056
865658
870504
945805
596129
111917
351618
317592
967
553064
-10629
-867378
38832
-7573
22808
-340
-29560
3080
956664
232289
-517105
-121104
489343
14664
7450
-203561
152928
-478646
12275
24070
292340
101569
545276
918521
642094
24466
-25495
356887
-14142
581697
229252
28742
-810543
405555
-602093
350211
-15254
-7105
-100863
-462628
-664881
503
11218
38106
170454
-18352
-169353
-817787
11854
458090
542
-659304
132223
908348
8490
15921
604656
898302
7538
68490
-10302
-324918
-407057
943708
604921
-415
21739
-783459
24162
701256
-18174
-519906
-398
784459
-13633
567937
-712558
22661
961913
283977
2067
-571
-786901
13646
-4342
331308
281825
618800
710276
59528
777431
-294958
401536
363738
101293
867781
243090
868015
3970
481706
30214
-62690
422995
10234
206023
-768919
-16387
319591
-240
-780077
-655299
-106752
330625
350512
276512
844817
-191547
25951
25305
-195931
21107
60581
-455057
23084
1624
227691
604
45822
205256
-411677
-877651
577409
-31716
252
494814
707
995445
387964
795685
554
15956
541960
-82138
-11852
715289
-388
-190186
539280
-277824
55452
591410
643
-54
-873216
-28935
312562
-415
-10844
41429
-279142
4855
387607
-552763
26195
-330172
-81153
21643
733247
183727
366414
567
-283
30406
9452
-23403
355209
347
6924
-73
-932178
-29486
-546825
-788507
-13560
741876
26263
35267
117107
497770
47323
-750131
-17749
732015
13516
413
-126465
23726
373016
27243
383383
-926885
719108
-87
-20875
17624
-622557
374
51050
644602
597441
412672
-260718
-5380
217
-807623
4310
908363
741027
-16380
818700
832894
612927
227844
232316
-22852
771974
-26134
-8801
-650780
-150
30310
27125
13231
9737
399023
248550
-2531
433476
773845
948
604456
635
23131
49939
4821
501909
320667
-6864
353547
-442633
-21834
279225
-165554
9911
15860
400
303564
6615
30048
539707
698377
-522955
323123
144317
416578
-437263
-2689
-18389
-262073
16745
4422
-744005
487023
17711
23572
-29633
-6017
457003
639392
7584
834
25469
-35174
368431
909208
-4839
29819
-17160
-5189
812295
1704
-133262
-740998
31164
906243
-1154
-506894
4143
9360
863508
-71
15736
1302146
9447
345172
500252
-20876
-976260
-873645
-462333
6296
411561
-431551
20927
-27065
24031
32146
1225
1721
18105
23714
416726
792296
707852
819128
-737
15613
303021
837499
223737
204
576181
1083
-202536
-583979
-795316
188227
34500
388210
767401
-960679
4829
-31302
-510755
12
314346
28406
-591669
-12394
479283
-13757
386688
44682
933432
114612
-263439
-20855
-13567
765445
752019
1148554
-430684
-463222
-717804
522993
383347
-403288
11810
8147
18114
-963480
711623
-80445
1269935
83363
239535
671259
953930
-564004
-223442
-487018
658685
-522136
-55
34851
9381
984194
-9302
24140
-14449
-15212
17471
-215397
673726
31285
84
-18727
400790
-13132
-10610
24934
376660
805409
748
-720399
909753
15928
591638
-834267
20533
807176
6521
950869
556020
33041
560950
27159
2
513056
11601
-2100
454501
-563828
449888
-21213
27693
-44889
19791
231519
301268
965705
-4378
655247
-6410
271
622465
189
19301
718243
17168
-111077
157941
-10786
10701
-4972
-309
373976
1155
53711
15780
21574
-984662
-409803
-846155
-17115
736229
1801
16481
47595
-148
616719
250893
302343
-7376
-3032
8735
16813
-738355
180181
716608
244275
161464
271
-143177
4495
595665
18119
10107
15037
530731
7786
635
-54089
-692313
259027
2702
21220
5643
227787
114060
63890
11593
11004
127367
745558
373528
5317
15755
671443
814455
435
-655253
102
-654303
22717
6270
-5182
20458
252325
12942
8924
154075
495514
319
-8303
-2464
11251
43
31640
667430
-164556
832438
629181
566459
16989
-584667
453
-88494
805166
30716
1520031
267599
4724
