1000
31199
11851
23234
14616
28686
7608
973
4167
19163
26242
12051
18882
1986
8716
6913
19093
22187
25445
26102
28919
12550
16913
32245
5418
26394
525
14494
4515
6042
32013
10076
5739
17786
12552
31711
19397
0
6134
4301
2065
20766
11481
27316
7408
26111
16890
17732
32681
9696
3189
187
20684
11041
2295
928
1813
21148
7623
25780
16786
21813
7683
28966
1288
8114
4653
25350
26772
23758
27110
23548
30094
25992
31480
30778
16050
3009
29082
3503
29314
29446
5616
27517
27878
27563
2770
11694
3094
1049
27086
31010
19641
17512
24688
13260
29007
18481
12992
3359
14540
10909
18189
27330
26757
30914
7913
3467
11600
7728
24949
683
6119
32710
23263
13606
14478
14539
5416
13191
7670
11834
28203
32209
15200
27740
20187
28600
31237
668
26572
6929
31158
20888
5877
9864
17600
32628
23220
1169
31506
1651
30226
5793
14498
4552
10825
4253
15116
7337
10627
12435
2684
1958
9957
7848
10703
6201
10188
2385
4597
5790
31318
20934
31898
32228
29989
23732
16901
29253
25695
23346
20032
29107
18425
8183
29049
29363
18230
21706
4008
25966
32106
9273
29554
19205
1028
11150
18509
22310
24011
18687
32742
20445
10088
6693
9920
8108
12581
16048
27677
19933
26100
13144
24865
20759
9139
22807
13109
28720
26798
31893
26026
9538
31334
29156
20126
14081
27025
6253
23332
31819
5985
23338
24223
32257
8201
278
29039
27414
20094
25058
8912
4837
32122
21226
510
22984
2503
24679
17054
23526
14778
9958
89
12876
15870
24825
26058
3648
12178
32044
15002
7889
12053
20538
7401
29875
2370
14209
27120
22602
1207
16308
6629
17925
15610
9168
4895
1261
11965
14417
14459
2942
22881
5797
14078
9909
6586
7393
22204
5994
8722
5555
21240
6624
13168
7319
32140
2971
31770
4686
12684
9073
16216
13709
22822
28644
10875
13298
2764
4015
31518
18235
406
22687
23212
12986
29921
24740
4898
13572
4925
7464
278
16874
9350
3231
26361
6314
5968
7776
1433
2662
32136
19635
7657
1236
15449
7467
16389
13624
29517
31542
2929
22415
24245
8434
17569
1549
14666
578
25535
7370
24852
28194
168
1465
17291
23095
16440
217
21757
3242
9927
15535
5935
6199
29683
21235
29511
24193
27552
32138
27369
3241
12350
6068
25761
17950
4683
16263
6017
29111
31000
11164
23051
23807
18639
2312
22609
10704
27061
30093
30042
14883
21677
27154
23496
3622
18686
10577
440
18575
3925
1744
9194
19760
28174
6674
31778
11724
12975
12814
14029
22826
29877
7392
27624
16487
30100
6079
7966
26256
16889
31535
2864
3697
30802
30583
15514
31399
22672
30038
16244
29693
299
28402
25750
2549
32103
21777
25087
16804
2263
21643
21112
9923
11295
4096
22644
29444
5885
8646
26683
16290
23435
31269
32071
30012
28350
28103
16110
28131
4659
2154
22594
32114
2859
30680
1846
21533
19156
8985
9986
28493
27594
16871
14792
3244
10461
2146
13687
21371
12565
15109
6128
10284
31987
16089
1639
24109
2298
31208
31756
15362
6510
6133
19435
1430
27484
1898
31249
211
30426
17042
12273
10352
9872
14600
20486
266
10359
28016
27833
17527
15329
7012
9860
22359
8378
31153
13656
15595
3085
27844
8508
32043
17865
15711
28216
12562
21446
10129
16241
10557
22019
21988
13717
25268
30770
7384
3193
15880
7286
2704
15361
11422
9067
7884
8257
18506
30055
16151
27873
2335
12543
15170
28614
3462
8909
30224
26350
10382
27249
1587
28060
10883
28886
25463
17590
6082
5047
29758
31339
16843
10849
3884
13592
30360
18362
17699
9581
14894
23938
1906
25548
15985
9433
32329
15601
3388
28673
9073
12760
6321
18790
30009
11995
9678
987
21940
15900
17729
8231
27169
14626
20094
11200
3755
15815
4366
31958
12883
27217
12330
28563
12074
9439
23688
2210
29379
29191
24693
8430
2792
7869
12836
32428
27276
16758
70
32667
31489
22158
27866
14474
19819
31719
27207
11804
117
4052
28328
2760
11842
14133
29031
30243
30375
3811
26381
29026
31127
3150
12120
23834
21982
20836
10639
3147
18
30645
25362
2205
1479
5845
5173
27625
4355
2562
24398
29435
16370
14599
1549
11671
9434
26720
2316
28601
592
21663
26023
26657
6061
7439
26126
15
4540
16790
14232
26700
29621
14304
15195
30569
3183
23481
17657
15691
19409
16059
15292
28648
3210
6954
20966
5451
9729
28188
17986
3806
23183
31965
25599
27112
30189
18833
13502
6485
12264
15131
6378
31926
10076
31806
14920
22664
2399
22018
3279
9145
14525
2394
20921
20072
2469
27651
20698
26093
26017
19631
15409
14873
27595
25187
29117
26558
24895
19230
3985
27762
1484
23995
3627
10129
8431
21272
21762
27777
23297
2680
32094
2618
13999
27942
14188
27653
16043
13660
1426
14211
15265
7266
16896
3058
1645
13306
8840
18092
19083
28412
11951
28912
19662
7486
23556
15077
2645
24246
17584
10204
17340
20963
11343
20438
18575
360
18174
23110
5892
21755
30389
5656
9193
2429
29400
21233
24283
29802
3592
24505
18105
5748
3647
21079
8792
16747
19228
31931
12664
21856
1659
13090
27127
22794
13129
18325
5445
29033
7831
24243
25112
31912
12012
433
15969
21576
11744
4511
3454
31355
20454
32749
3761
14030
28266
28717
2001
26123
10268
10010
2111
350
23435
27354
22556
8374
12277
14464
26553
31854
8285
29397
21327
12845
15583
28248
20209
20747
5697
32387
3774
28917
1994
26704
32603
22866
21335
24060
25249
31462
17323
26635
9362
16631
18695
24460
31890
32175
17402
23966
11988
30146
29307
17459
530
20305
13109
17428
15745
26637
4898
1062
17156
22175
22875
19947
6559
6984
1327
25419
31791
17348
29298
24981
16473
1653
6167
21953
10689
6333
5378
26104
32124
17580
32535
13398
27079
475
10391
24302
5625
5527
20396
16654
28342
32322
27714
22981
614
11767
4121
31651
485
22637
3352
10688
14716
22558
21989
17919
5649
28328
19634
29844
2714
25715
29786
22724
27096
19348
14252
3820
2113
27121
15110
1989
14910
3750
27687
10470
662
22184
17470
22155
1322
9384
28742
19092
4580
20539
21398
23761
23530
20535
6324
8316
12567
25696
17515
31495
17835
580
32541
6169
26689
2403
2138
24275
12802
659
2224
19543
1817
28323
13765
22411
31590
26687
